Matrix Inverse

size      = 8x8 
maxnum    = 15 
Init	  = fast 
Initializing matrix...done 

Inversed Matrix:
  0.30 -0.04 -0.04 -0.04 -0.04 -0.04 -0.04 -0.04
 -0.04  0.30 -0.04 -0.04 -0.04 -0.04 -0.04 -0.04
 -0.04 -0.04  0.30 -0.04 -0.04 -0.04 -0.04 -0.04
 -0.04 -0.04 -0.04  0.30 -0.04 -0.04 -0.04 -0.04
 -0.04 -0.04 -0.04 -0.04  0.30 -0.04 -0.04 -0.04
 -0.04 -0.04 -0.04 -0.04 -0.04  0.30 -0.04 -0.04
 -0.04 -0.04 -0.04 -0.04 -0.04 -0.04  0.30 -0.04
 -0.04 -0.04 -0.04 -0.04 -0.04 -0.04 -0.04  0.30


