Matrix Inverse

size      = 10x10 
maxnum    = 15 
Init	  = fast 
Initializing matrix...done 

Inversed Matrix:
  0.31 -0.03 -0.03 -0.03 -0.03 -0.03 -0.03 -0.03 -0.03 -0.03
 -0.03  0.31 -0.03 -0.03 -0.03 -0.03 -0.03 -0.03 -0.03 -0.03
 -0.03 -0.03  0.31 -0.03 -0.03 -0.03 -0.03 -0.03 -0.03 -0.03
 -0.03 -0.03 -0.03  0.31 -0.03 -0.03 -0.03 -0.03 -0.03 -0.03
 -0.03 -0.03 -0.03 -0.03  0.31 -0.03 -0.03 -0.03 -0.03 -0.03
 -0.03 -0.03 -0.03 -0.03 -0.03  0.31 -0.03 -0.03 -0.03 -0.03
 -0.03 -0.03 -0.03 -0.03 -0.03 -0.03  0.31 -0.03 -0.03 -0.03
 -0.03 -0.03 -0.03 -0.03 -0.03 -0.03 -0.03  0.31 -0.03 -0.03
 -0.02 -0.02 -0.02 -0.02 -0.02 -0.02 -0.02 -0.02  0.30 -0.03
 -0.02 -0.02 -0.02 -0.02 -0.02 -0.02 -0.02 -0.02 -0.03  0.30


